result : 40.85583333333333
result : 8.333333
